1107963654761177090
754699366246420480
2808140176
1019274971623743489
1114455603412209664
851651587319541760
711418784175620098
3009617401
985555023865131013
990171887367016448
1025245178603491329
1216250509
2412432552
470571026
1045599392953065473
4768803912
1055622298604957696
1076830088916742145
1076352078786703360
876740809369976832
1091578132417703936
1096065815911239680
1050937912022380546
20432388
2411954377
753463641064640512
970247500140462081
970546327489622016
278348684
726242206541979648
829961835348496384
1113164961876987911
2739318702
1093488621707976705
1091692640079355906
1115991990900908032
826361919229489152
928868128183877632
1899118418
935533981197484033
1104045847719763968
1023518306420969472
1088721412217585664
1085469145754361856
1061274394171867136
3233550542
959077951244451840
928741623961231360
902004776648323072
153018542
1023380910819823617
808556672708792321
4734154290
930859240738185216
1005613019538251776
994288026434977793
2474250188
1059811246210334720
858307079651459072
1005827417095585793
732062385695940609
861034610322399232
958006533962399749
924591148416372736
83369963
2351489444
730624918853820416
811111962180362242
965908802934484993
1070223962007715840
908682662805610499
757055576350208002
1062969643801837568
1008700822534799360
1077737928850210817
965116491799715840
992392725671497728
3246601022
1040067589903343616
830801875511422977
972145472495210496
3036740749
122944023
1021116187252408320
751127797
820479843003269121
758295043337617408
807199188987412481
1084792168663797762
1042746367104303105
807991887957102593
1066119341345714177
4915438530
966981415710572544
3019926270
1100745254364278784
1072826652596551681
2986815786
1086519408237789184
786202276184502272
865746037863890944
961297364458782721
910013799465336832
1103631410802253824
2166523837
759632878414069760
347236287
809412062124195841
915540489419448321
827034952743022592
1027520950244278272
974506427938033669
720236315145424898
15339596
878703112843743232
1024784804623966208
1218387974
880043712323047425
1070247036044292096
52486650
1018636597581905921
764484772345237504
753282737323245568
1036239417101275136
771333683512877056
726727064791867392
871239354840039425
1096940149718507520
1356583549
825594048756846592
1036389404535939074
1067388797426393088
966497261508153344
1092249841588039680
882117379995574272
710958008553988096
753141349461786625
1060927265196793862
411238421
912228589306703873
919213030088380416
896568722676006912
971053631691636736
731324367020285953
823355544270303232
3181802215
763414369564700672
1083690493240782848
787143334582099968
1110869515078778881
4290952034
1093410915511234560
988456897203224577
1015084657304465408
1103898873490157568
993517462183280640
705777407794352129
737137452893102080
3059456053
1064394948936638464
1007200925646127108
850755206040006656
780448383265681412
923440689228083201
14434431
845097531663048709
791834977298067456
824977219663519744
1081884310829813761
819463904820482049
1100207245407604737
2716328489
252588961
1090902122579873792
973407150247624704
823788284161572865
820432847672459264
3332489734
1039159618671390720
977804863990976512
1036271569759363073
1086017681365524480
999657181694771207
1098272074856988672
1100795320726769664
1027011369806319617
920238430524661761
1064659351468617728
1092469987
1080737542637375488
2956595172
900942139797807104
1039686609338355712
1081691893
3081275195
1108029643448180738
1106064922495107072
840501592398864384
1043476051425460225
999225758865227777
1100232622708424704
1048283988962435073
990548129564037121
1085649151080173568
1039671804149854209
758641357074214912
2867058899
1098139117865426944
970308603130228742
935776973158154240
1103225729980997632
1205177509
1106718475450531840
975412921936367616
996206434751725569
1041712887390134273
902556654516019200
132922189
1106848410433282048
898493739513065472
1096248099628998656
1076044995990376448
1106856336556347395
875023717612388352
888094459602190337
3248813347
1095784530756153351
1083253644592439296
1041151001565319168
1111566854856699904
1102926170545303552
3323165330
1003122203653648384
830244391
901821485110575104
1078601792630341632
1073552245818621953
3294877819
933946144291397632
992012510596247553
973267826231230464
844135121699528704
1000601660442329088
805336511222808576
1095725205899612166
1058642199527604224
698646820529008640
767368461873852420
1097861054174908416
798478
1092706257616670720
42446023
2781159310
819041591436316673
3304940821
713608811768979456
716726355572953088
4170814834
4305838877
885877083951423491
730043
1106830007127572481
1106863235142045697
2989726540
1915174879
889483829878169601
2835580922
1078978515104497665
892215556509638656
96470236
2994137401
863357390715879425
1099954025779228672
872471873174388737
901941570655703041
4484546353
902165606400638982
786559935202996225
2874772837
1053067307377807361
921003533218000896
1092405835928608768
3059596422
951779376982507521
2986143630
901012380892536833
1097118073742454784
4241602824
993923846796279808
1072095414214635520
4320218052
985563372975415296
4667882846
906553911741313024
1045874388514496512
1152901309
962619444571684865
2240307894
753027329824165888
849851202531491840
1091152165136023553
275449032
756901332
913920954228555776
327877263
1093116925909946368
909801608
727052438407008257
1048168227920990209
785277813570109441
2318660708
795563821549031424
751363493253746688
881817083171938304
1562227386
4924076429
933629831584944128
996343934908432384
794849614121701376
1271526079
1060531868658003968
1627137961
914113103427538945
1013258227260088320
784067318305304576
906314035695558656
4647315486
843788480022892544
1000230343453036544
858132880056238080
865575775646269441
735047012081537025
1048192241380995072
892005977083465728
1057136255735984129
1078162501445943296
1057086118175199232
2454581378
945830510663577601
826244597793726464
973783620749004801
1043710357687099392
1001856854417334272
970652326665928707
4829985024
1057173457434300416
1086489201791639553
874841693551460352
885740296193036290
947468212161019904
2995488972
1065775369553240065
1066207808046026754
2813927636
1051828005419462658
1037553079778865152
874998448512258049
968512776342654976
874848131174846465
892072668484259840
3083547195
379167853
694793062803877890
809567286675718144
856343246200614912
945170138189373440
905961819516239872
918323604495798273
888031003905634306
1130437405
4847913591
814368445173145602
923052989660594176
57796228
963581571377790976
920504533679255552
1090669355098984450
2465658949
801027481033535488
1090489609274851329
987603605048954880
1062196740651069440
730836985158438912
826677620439818240
813792487051399168
966739157841207296
924862365639770112
916322366749151233
1083967865168908293
958425593934204928
968354738315112450
4801382412
147104068
2282050382
1073413481318121472
1081459013542338560
850975606594355200
1061612187280596993
2326728294
774464212017917954
736527980114087936
963326948557533184
4088781024
970180459916271616
756624246
800339542733504512
1027883935777214464
947953716979646464
834082370294788098
915597706135052290
714108395754618880
821679768215101441
1860206041
2872797918
505822967
1019594538464079872
941845650009763840
838347704321204224
812400447642181633
834273189161086978
2748828822
1689376309
1057258962473512961
1033222480138129408
818435342042857472
975395728817344517
1077615216970543105
1008186834000605184
724140062544273408
2732643806
4891256982
761102231525400576
1676004050
3667149073
954724026806448128
993348155038023680
781342288429522945
1414942579
889714445118709761
1065857155893317634
916685588278865920
2836759326
850937205040087040
894174550660743169
864097192478257152
881048540797034496
2914581631
4324350554
989068866298007552
909074469225865217
887943288233185280
915022417566863360
971038535666032640
800129395339821057
898106240328495104
1016919131495387136
883915087890731008
4920294780
717049340888395776
876326711729717248
439049223
1037480692777738240
761112574813310976
3146025637
876760110797692928
2385142249
1956195360
1019645555499077632
821247859836076034
1012862266004385794
847125500052975617
793456941305565184
249517282
548416016
809190740626534400
961965702289661952
1080104845594558464
916207739700838400
4887647353
982828875456569344
3106552290
726346117890248704
839137881889202177
1047289741899517953
1021739196078161920
971017167662698496
968897600001896448
1032510335289372673
1066564477817106433
711030237438447616
1057031248764297216
4649302822
766120680370954240
903959537614389249
915064613493907456
907709868030681088
731808050173087744
1056477201766334464
494751218
827017162288033792
830093853008998400
795412272
1023108234096168960
830854624584294401
1047539309425770496
2911709382
4077598212
1084129438567063552
211024963
4411197973
885877764544495617
1061535918966751232
1490267791
906408900806696960
318459003
2283416775
919670067549425665
904917442744418305
3324076482
795141136926937088
825704272851447809
907228913708830720
870227460180148224
992689094516879360
1031023554278567936
2471804084
936000653700235265
770212590551126016
1063251456638078977
896685408788004864
1072807348798771200
837347645563654144
966954923005960193
899596626901127168
1029738883523653632
3223480525
1017327726473052160
1050324290829209600
1037972973875953664
877267396599267328
1089206647413592064
1061212243386359810
897056513264463872
3175393842
374411108
2846873947
969763426540183552
1063783904279187457
754373831251243012
723816803454058497
2838262945
909325431534317568
3035343164
1031484747535376385
991336486355193856
986565106107482112
887217259155906560
1065063503562592257
3114692527
796335424322969600
2937069495
2614841528
3942319159
753189888787263488
1009467130423545856
1031695850148454400
4611330732
967915980100812800
810520609985675265
460715974
878560745419546624
996031504265265154
3010803592
3113103111
400848739
3036624230
4576925894
807423009774399488
1024610067440705536
823964096575848448
3018528630
563793465
1088798272817324032
1047096849117544448
1006096905535873024
4180687274
851085304052056065
757439174072897536
827860749770821632
977116524119965699
461830848
2927358774
1058706198281838593
1042946299044061184
3023383861
738659804793577472
749953533978431488
761865426263343104
1081459449900916736
938616189961433090
1012883581247504385
868810456613371905
267695291
930893879531814912
928568177767751680
371647324
2704015250
1034715115021451264
885545990903652352
1046605043305250817
36644419
823972283915988992
745534428
1025017878402064384
1152740910
920294358070505473
1015490497027006465
3672578430
863781254944116736
911615810350624769
1048836690326958083
2726073125
1055640949370478592
999545862433914880
723083539512619009
939129047606370304
699451202568716288
2254363064
870870480600813569
1053613955325853696
3271849158
1023862604383449089
850180530993639424
4844372426
4301596098
811789677929889792
960919366370959360
884057657002172416
920889381786759168
969367681467068417
1053670318173151238
982453747279450113
752170501212999680
988537775237447680
827240975504273408
760513639799324672
4853078162
977070843518844929
947683747649880064
981702605205331968
1022504948645285888
451828822
980663506901991424
909281300640497664
787320141054828544
857026278481735680
1006436090738163714
769639848
1034491036633124865
165407871
990808271442198528
895652214609297408
987862056081788928
884945434908774400
920825959
872683670640795648
2153191254
1033299027477979136
1002943617302913026
1087541822568550400
1032825710333845504
776644094735052800
761380883689459712
871645492077363201
2518926390
1035980670936514562
982562968809357315
896955856142483456
949307813389455361
883710745241731072
2414917897
983649418342645761
1694158501
1306934846
1025334812306038784
2601126852
109125743
3222312248
910307112693129216
421081959
2988663072
822372653226803200
934667566471172096
991620251480674305
1585653865
812373030286409729
1285329164
3076202264
2741589487
2768858004
1629722198
852132765957050368
900380305231499264
3314748547
1016242603375771649
2902207704
4289363293
3275297173
4829876602
1012597993013481472
1017754804095836160
3012350599
716570310183530496
2898066139
3311915416
1011493620145377280
816466164683419648
876922525690716161
979582835068678144
761636060400979968
65371347
947872794083147776
837116798214381568
983697333324922881
2983374425
3083733338
1094107273654239232
2328632124
852821275890274304
1019067444541837312
808311771136036864
1003507024745959424
92714103
783866380433051649
1039446118944239617
2665072730
1078299392841601025
933956065
931204878365483008
279040299
2854052106
1019933892990529536
1025046551163547648
61662058
946970375551827968
876247423420702721
3569972053
941197502761508864
996751934353788928
875921291705962496
986110623355289600
991696729308368896
3850117035
2320491570
1051653706775588864
869048707316166657
616719293
1091116213428580352
2177802625
843464422689464320
735718326530252801
3147829818
1059402142497280000
994190336552402944
847065943943499777
1031221068697137152
3469291932
3168332094
727054455493943297
858712025597329408
847712616310898688
2161556320
851419706791649280
1061265373742346240
1038079124940759040
1008400704833126400
970208271104643072
980080328969777152
734976296556613636
739763235369418752
927837770105610241
2692096819
796056681583149056
751390911037263874
3320017873
22858247
870917668718616576
4806319160
861108962933919744
805049627934265344
894336974638546944
4443603134
928622036695490560
909920724269252608
863618727975178240
974093388067803141
1095008612345274369
2845909596
966115916
1186714370
117779821
954599231196672000
975393037944635393
3999403878
928869745834651648
4828723367
921085859436355591
2720734051
1075221993065250816
887970106667433984
3857563102
848685620784283648
1024484393866342401
897864458743173120
4840574400
4656540031
1029998016789270528
917416817714388992
983995990469435392
361683374
4756639879
910512904130117633
887234521132912640
1051581806150111233
1024999298956554240
1023782708416208896
1708339310
739366502541885440
3291622214
1095271332277673984
899971369932169216
917016368607772673
1058615325422436352
2822995786
244369310
961832043788124160
1028997950003793920
998604553791524867
3023159864
982271791937740801
299498565
936498296792662016
891297610153082880
1051499313212182528
216349300
2862463269
947840334284840963
400444862
567317622
980115096121655299
1049661506273521665
460660259
1027545134030680064
714727503529644036
771730283716542468
912220872139665408
896252325978750976
731720284097515520
745865382045560833
1018205901851910144
976186340139257856
758146704105279488
852167619528577024
1159208750
852443714148483072
4133758453
973528947660013568
879980979435085824
926647793325809664
2657246340
165347898
3259062002
1008772465642762240
2995253786
972094387390836736
3230808384
2274813596
937120720366325761
976304334706110465
914070747160748033
820593407160500224
590829531
927880650312499202
912359403713527808
842465933536903168
1032133020789235713
531154718
825159130050547713
954536018933301248
45630895
899955169160507393
995490854683987968
3048826002
973181531027005441
835755615716700162
806074459669012480
2549257009
482073856
47579068
